1.0 20.0 10.0 0.0 0.0 0.0 0.0 0.0 0.0 0.0 0.0 
6.76 26.77333333333333 6.76 0.0 0.0 0.0 0.0 0.0 0.0 0.0 0.0 
0.0 6.76 13.546666666666665 6.76 -3.26 0.0 0.0 0.0 0.0 0.0 0.0 
0.0 0.0 6.76 26.77333333333333 6.76 0.0 0.0 0.0 0.0 0.0 0.0 
0.0 0.0 -3.26 6.76 13.546666666666665 6.76 -3.26 0.0 0.0 0.0 0.0 
0.0 0.0 0.0 0.0 6.76 26.77333333333333 6.76 0.0 0.0 0.0 0.0 
0.0 0.0 0.0 0.0 -3.26 6.76 13.546666666666665 6.76 -3.26 0.0 0.0 
0.0 0.0 0.0 0.0 0.0 0.0 6.76 26.77333333333333 6.76 0.0 0.0 
0.0 0.0 0.0 0.0 0.0 0.0 -3.26 6.76 13.546666666666665 6.76 0.0 
0.0 0.0 0.0 0.0 0.0 0.0 0.0 0.0 6.76 26.77333333333333 6.76 
0.0 0.0 0.0 0.0 0.0 0.0 0.0 0.0 0.0 0.0 1.0 
