0.0
-0.20937204179778734
-0.41829083127400063
-0.20868699027118867
-0.41575158031999204
-0.2065427284190945
-0.4089421660917146
-0.20139739047474595
-0.3940259314264962
-0.1909663018686148
-0.36573328440775865
-0.17228905305780726
-0.3175627070061885
-0.14187327429538832
-0.24217644114013168
-0.09595799526891749
-0.13208159639692313
-0.030942743232092725
0.0193139449500037
0.05597726412736262
0.21620586951113738
0.16594949501592168
0.45845158989794976
0.2973955913043561
0.7392791565942288
0.4448198526044289
1.0428984985872725
0.597668451184788
1.3424684173840777
0.7395223704561034
1.5990993363499009
0.8480182647925287
1.7627737995327974
0.8959719807656241
1.7761622208631649
0.8541802384694869
1.5821876912421498
0.6962352719614497
1.1357230110615513
0.40534350101495725
0.0
