-0.00033379494345946208
-0.0037642699656035561
0.0075368848047935979
-0.011570218615518954
0.030896168818807496
-0.027158939934471785
0.069933171870195196
-0.050525320862700299
0.12449610913778376
-0.081506218575958841
0.19417020204227198
-0.11975079801464458
0.27807868354976017
-0.16461039615398518
0.37463613820722019
-0.21500918209783504
0.48126825819677982
-0.26930574797899431
0.59412271949049655
-0.32516188904648452
0.70780995489917309
-0.3794423315038965
0.81522926019780373
-0.42817724045986805
0.90755277927150613
-0.46662645364166644
0.97445365059533362
-0.48948812929210622
1.0046691891370469
-0.49129158273627821
0.98697783114016391
-0.467000626821853
0.91163107890749862
-0.41282592899987303
0.77221105043652816
-0.32720027707043114
0.5677765279337984
-0.21180984221074961
0.30501977668342511
-0.072503446063474683
0
