-0.00033379494345949016
-0.0037642699656035426
0.0075368848047935727
-0.011570218615518935
0.030896168818807457
-0.027158939934471757
0.069933171870195127
-0.050525320862700264
0.12449610913778367
-0.081506218575958772
0.19417020204227181
-0.11975079801464446
0.2780786835497599
-0.16461039615398501
0.3746361382072198
-0.21500918209783479
0.48126825819677949
-0.26930574797899415
0.59412271949049622
-0.32516188904648441
0.70780995489917298
-0.37944233150389634
0.81522926019780362
-0.42817724045986794
0.90755277927150591
-0.46662645364166622
0.9744536505953334
-0.48948812929210606
1.0046691891370465
-0.4912915827362781
0.98697783114016346
-0.46700062682185295
0.91163107890749817
-0.41282592899987286
0.77221105043652782
-0.32720027707043098
0.56777652793379807
-0.21180984221074947
0.305019776683425
-0.072503446063474669
0
